4 4 1 17 0.7071 -1.2247 1.5811 -1.8704 2.1213
4 38 2 18.6 0.7071 -0.9525 0.6441 -0.0176 -0.6205
4 72 3 24 0.7071 -0.6804 -0.0586 0.7573 -0.7757
4 106 4 20 0.7071 -0.4082 -0.5271 0.7623 0.0262
4 140 5 20 0.7071 -0.1361 -0.7613 0.3054 0.6987
4 174 6 15.6 0.7071 0.1361 -0.7613 -0.3054 0.6987
4 208 7 16 0.7071 0.4082 -0.5271 -0.7623 0.0262
4 242 8 13 0.7071 0.6804 -0.0586 -0.7573 -0.7757
4 276 9 8.2 0.7071 0.9525 0.6441 0.0176 -0.6205
4 310 10 8 0.7071 1.2247 1.5811 1.8704 2.1213
5 4 1 23 0.7071 -1.2247 1.5811 -1.8704 2.1213
5 38 2 21 0.7071 -0.9525 0.6441 -0.0176 -0.6205
5 72 3 18 0.7071 -0.6804 -0.0586 0.7573 -0.7757
5 106 4 17 0.7071 -0.4082 -0.5271 0.7623 0.0262
5 140 5 16.2 0.7071 -0.1361 -0.7613 0.3054 0.6987
5 174 6 14 0.7071 0.1361 -0.7613 -0.3054 0.6987
5 208 7 14.2 0.7071 0.4082 -0.5271 -0.7623 0.0262
5 242 8 13.4 0.7071 0.6804 -0.0586 -0.7573 -0.7757
5 276 9 11.8 0.7071 0.9525 0.6441 0.0176 -0.6205
5 310 10 11.4 0.7071 1.2247 1.5811 1.8704 2.1213
6 4 6 10.4 0.7071 -1.2247 1.5811 -1.8704 2.1213
6 38 7 12.3 0.7071 -0.9525 0.6441 -0.0176 -0.6205
6 72 8 13.2 0.7071 -0.6804 -0.0586 0.7573 -0.7757
6 106 9 11.6 0.7071 -0.4082 -0.5271 0.7623 0.0262
6 140 10 8.4 0.7071 -0.1361 -0.7613 0.3054 0.6987
7 4 4 22.8 0.7071 -1.2247 1.5811 -1.8704 2.1213
7 38 5 22.4 0.7071 -0.9525 0.6441 -0.0176 -0.6205
7 72 6 21.4 0.7071 -0.6804 -0.0586 0.7573 -0.7757
7 106 7 18.8 0.7071 -0.4082 -0.5271 0.7623 0.0262
7 140 8 18.3 0.7071 -0.1361 -0.7613 0.3054 0.6987
7 174 9 16.2 0.7071 0.1361 -0.7613 -0.3054 0.6987
7 208 10 15 0.7071 0.4082 -0.5271 -0.7623 0.0262
8 4 1 22.2 0.7071 -1.2247 1.5811 -1.8704 2.1213
8 38 2 20 0.7071 -0.9525 0.6441 -0.0176 -0.6205
8 72 3 21 0.7071 -0.6804 -0.0586 0.7573 -0.7757
8 106 4 23 0.7071 -0.4082 -0.5271 0.7623 0.0262
8 140 5 16.8 0.7071 -0.1361 -0.7613 0.3054 0.6987
8 174 6 11 0.7071 0.1361 -0.7613 -0.3054 0.6987
8 208 7 13 0.7071 0.4082 -0.5271 -0.7623 0.0262
8 242 8 17 0.7071 0.6804 -0.0586 -0.7573 -0.7757
8 276 9 13 0.7071 0.9525 0.6441 0.0176 -0.6205
8 310 10 12.6 0.7071 1.2247 1.5811 1.8704 2.1213
