trait/effect level  solution
   1   1         1         21.85115626
   1   1         2         19.35582517
   1   1         3         20.32507882
   1   1         4         20.00801972
   1   1         5         18.08107681
   1   1         6         14.77506087
   1   1         7         14.87347987
   1   1         8         14.93677244
   1   1         9         12.26942066
   1   1        10         11.76500166
   1   2         1          0.00000000
   1   3         1         -0.62527685
   1   4         1         -0.13458777
   1   5         1          0.34791605
   1   6         1         -0.42175067
   1   7         1         -0.05831546
   1   7         2         -0.07278973
   1   7         3          0.13110519
   1   7         4          0.34454043
   1   7         5         -0.45372503
   1   7         6         -0.54854409
   1   7         7          0.85181076
   1   7         8          0.22086300
   1   8         1          0.05519827
   1   8         2         -0.03049220
   1   8         3         -0.02470608
   1   8         4          0.00627541
   1   8         5         -0.05201371
   1   8         6          0.07301366
   1   8         7         -0.00950684
   1   8         8          0.01270025
   1   9         1         -0.04418358
   1   9         2         -0.02439046
   1   9         3          0.06857404
   1   9         4         -0.31640451
   1   9         5          0.27981881
   1   9         6          0.19457143
   1   9         7         -0.31306822
   1   9         8         -0.01744580
   1  10         1          0.00000000
   1  10         2          0.00000000
   1  10         3          0.00000000
   1  10         4         -0.64868935
   1  10         5         -0.77610916
   1  10         6         -1.99267273
   1  10         7          3.51877122
   1  10         8         -0.10129998
   1  11         1          0.00000000
   1  11         2          0.00000000
   1  11         3          0.00000000
   1  11         4         -0.36006160
   1  11         5          0.13701278
   1  11         6          0.98513078
   1  11         7         -1.05101218
   1  11         8          0.28893022
   1  12         1          0.00000000
   1  12         2          0.00000000
   1  12         3          0.00000000
   1  12         4         -1.47181998
   1  12         5          0.96883859
   1  12         6         -0.06930942
   1  12         7         -0.40478263
   1  12         8          0.97707344
