SNP_ID CHR POS
1 1 0
2 1 8004
3 1 12006
4 1 16008
5 1 20010
6 1 32016
7 1 40020
8 1 44022
9 1 60029
10 1 64032
11 1 76038
12 1 84042
13 1 88044
14 1 92046
15 1 96048
16 1 100050
17 1 108054
18 1 112056
19 1 120059
20 1 124062
21 1 128064
22 1 132066
23 1 136068
24 1 152076
25 1 156078
26 1 160080
27 1 172086
28 1 176088
29 1 192096
30 1 212106
31 1 224112
32 1 236118
33 1 240119
34 1 244122
35 1 248124
36 1 252125
37 1 260130
38 1 264132
39 1 276138
40 1 280140
41 1 292146
42 1 296148
43 1 316158
44 1 320160
45 1 324162
46 1 344172
47 1 348174
48 1 352176
49 1 356178
50 1 360180
51 1 372186
52 1 392196
53 1 396198
54 1 400200
55 1 408204
56 1 412206
57 1 416207
58 1 420210
59 1 424212
60 1 428214
61 1 432216
62 1 440219
63 1 452226
64 1 460229
65 1 468234
66 1 472236
67 1 476238
68 1 480239
69 1 484242
70 1 488244
71 1 500250
72 1 508254
73 1 516258
74 1 520260
75 1 524261
76 1 528264
77 1 532266
78 1 536268
79 1 544272
80 1 548274
81 1 552276
82 1 556278
83 1 560280
84 1 564282
85 1 576288
86 1 584292
87 1 588294
88 1 600300
89 1 604302
90 1 608304
91 1 612306
92 1 616308
93 1 620310
94 1 632316
95 1 636318
96 1 644322
97 1 648324
98 1 652326
99 1 656328
100 1 664332
101 1 680340
102 1 692346
103 1 696348
104 1 700350
105 1 704352
106 1 708354
107 1 712356
108 1 716358
109 1 720360
110 1 724362
111 1 728364
112 1 732366
113 1 736368
114 1 744372
115 1 748374
116 1 752376
117 1 756378
118 1 760380
119 1 764382
120 1 768384
121 1 772386
122 1 776388
123 1 788394
124 1 796398
125 1 800400
126 1 804402
127 1 808404
128 1 812406
129 1 816408
130 1 824412
131 1 832415
132 1 836417
133 1 840420
134 1 860430
135 1 864432
136 1 868434
137 1 872436
138 1 876437
139 1 880439
140 1 884442
141 1 896448
142 1 900450
143 1 904452
144 1 908454
145 1 912456
146 1 916458
147 1 920459
148 1 924461
149 1 928464
150 1 932466
151 1 936468
152 1 940470
153 1 952476
154 1 956478
155 1 960479
156 1 964481
157 1 968484
158 1 976488
159 1 980490
160 1 988494
161 1 992496
162 1 996498
163 1 1000500
164 1 1004501
165 1 1008503
166 1 1012506
167 1 1016508
168 1 1020510
169 1 1024512
170 1 1028514
171 1 1040520
172 1 1052526
173 1 1056528
174 1 1064532
175 1 1068534
176 1 1080540
177 1 1084542
178 1 1088544
179 1 1092546
180 1 1100550
181 1 1104552
182 1 1108554
183 1 1112556
184 1 1116558
185 1 1120560
186 1 1128564
187 1 1132566
188 1 1140570
189 1 1152576
190 1 1160580
191 1 1164582
192 1 1168584
193 1 1172586
194 1 1176588
195 1 1180590
196 1 1184592
197 1 1188594
198 1 1192596
199 1 1200600
200 1 1204602
201 1 1208604
202 1 1220610
203 1 1224612
204 1 1228614
205 1 1232616
206 1 1244622
207 1 1248624
208 1 1252626
209 1 1256628
210 1 1260630
211 1 1264632
212 1 1268634
213 1 1272636
214 1 1276638
215 1 1280640
216 1 1284642
217 1 1288644
218 1 1296648
219 1 1300650
220 1 1304652
221 1 1312656
222 1 1320660
223 1 1328664
224 1 1340670
225 1 1344672
226 1 1348674
227 1 1352676
228 1 1356678
229 1 1360680
230 1 1364682
231 1 1376688
232 1 1384692
233 1 1388694
234 1 1392696
235 1 1396698
236 1 1400700
237 1 1404702
238 1 1408704
239 1 1412706
240 1 1420710
241 1 1432716
242 1 1440720
243 1 1448724
244 1 1456728
245 1 1468734
246 1 1472736
247 1 1476738
248 1 1484742
249 1 1488744
250 1 1496748
251 1 1500750
252 1 1504752
253 1 1508754
254 1 1512756
255 1 1516758
256 1 1524762
257 1 1540770
258 1 1552776
259 1 1556778
260 1 1564782
261 1 1568784
262 1 1572786
263 1 1576788
264 1 1580790
265 1 1584792
266 1 1592796
267 1 1596798
268 1 1600800
269 1 1608804
270 1 1612806
271 1 1616808
272 1 1620810
273 1 1624812
274 1 1632816
275 1 1656828
276 1 1660830
277 1 1664831
278 1 1672835
279 1 1680840
280 1 1688844
281 1 1692846
282 1 1696848
283 1 1704852
284 1 1708853
285 1 1712856
286 1 1716857
287 1 1720860
288 1 1724862
289 1 1728864
290 1 1732866
291 1 1736868
292 1 1740870
293 1 1744872
294 1 1764882
295 1 1772886
296 1 1776888
297 1 1780890
298 1 1784892
299 1 1792896
300 1 1796897
301 1 1800900
302 1 1804901
303 1 1812906
304 1 1820910
305 1 1848923
306 1 1856928
307 1 1868934
308 1 1872936
309 1 1876938
310 1 1880940
311 1 1884941
312 1 1888944
313 1 1892946
314 1 1896948
315 1 1900950
316 1 1904952
317 1 1908954
318 1 1912956
319 1 1916958
320 1 1924962
321 1 1932966
322 1 1940970
323 1 1944972
324 1 1948974
325 1 1952976
326 1 1964981
327 1 1968984
328 1 1972985
329 1 1976988
330 1 1980990
331 1 1988994
332 1 1996998
333 1 2005002
334 1 2013006
335 1 2017007
336 1 2021010
337 1 2025012
338 1 2029014
339 1 2033016
340 1 2037018
341 1 2041020
342 1 2045022
343 1 2049024
344 1 2057028
345 1 2065032
346 1 2073036
347 1 2077038
348 1 2081040
349 1 2089044
350 1 2093046
351 1 2097047
352 1 2101050
353 1 2105052
354 1 2109054
355 1 2117058
356 1 2121060
357 1 2137068
358 1 2145072
359 1 2149074
360 1 2153076
361 1 2157078
362 1 2161080
363 1 2165082
364 1 2173086
365 1 2185092
366 1 2189094
367 1 2193096
368 1 2197098
369 1 2201100
370 1 2205102
371 1 2209104
372 1 2213106
373 1 2217108
374 1 2221110
375 1 2225112
376 1 2233116
377 1 2241120
378 1 2253126
379 1 2257128
380 1 2261130
381 1 2265132
382 1 2273136
383 1 2281140
384 1 2285142
385 1 2293146
386 1 2297148
387 1 2313156
388 1 2317158
389 1 2325162
390 1 2333166
391 1 2337168
392 1 2341170
393 1 2349174
394 1 2357178
395 1 2365182
396 1 2373186
397 1 2377188
398 1 2381190
399 1 2385192
400 1 2389194
401 1 2393196
402 1 2397198
403 1 2401200
404 1 2405202
405 1 2409204
406 1 2421210
407 1 2425212
408 1 2429214
409 1 2433216
410 1 2437218
411 1 2441220
412 1 2449224
413 1 2457228
414 1 2461230
415 1 2465232
416 1 2469234
417 1 2473236
418 1 2485242
419 1 2501250
420 1 2509254
421 1 2517258
422 1 2521260
423 1 2525262
424 1 2529264
425 1 2533266
426 1 2541270
427 1 2549274
428 1 2553276
429 1 2557278
430 1 2561280
431 1 2565282
432 1 2569284
433 1 2573286
434 1 2577288
435 1 2585292
436 1 2589294
437 1 2593296
438 1 2597298
439 1 2605302
440 1 2609304
441 1 2613306
442 1 2617308
443 1 2621310
444 1 2625312
445 1 2633316
446 1 2637318
447 1 2645322
448 1 2653326
449 1 2657328
450 1 2665332
451 1 2677338
452 1 2689344
453 1 2693346
454 1 2697348
455 1 2701350
456 1 2705352
457 1 2709354
458 1 2713356
459 1 2717358
460 1 2721360
461 1 2725362
462 1 2729364
463 1 2733366
464 1 2737368
465 1 2741370
466 1 2745372
467 1 2749374
468 1 2757378
469 1 2765382
470 1 2769384
471 1 2773386
472 1 2777388
473 1 2781390
474 1 2785392
475 1 2789394
476 1 2793396
477 1 2797398
478 1 2801400
479 1 2805402
480 1 2809404
481 1 2813406
482 1 2817408
483 1 2821410
484 1 2825412
485 1 2837418
486 1 2841420
487 1 2845422
488 1 2849424
489 1 2853426
490 1 2857428
491 1 2861430
492 1 2869434
493 1 2873436
494 1 2877438
495 1 2881440
496 1 2885442
497 1 2893446
498 1 2897448
499 1 2901450
500 1 2905452
501 1 2909454
502 1 2913456
503 1 2929464
504 1 2933466
505 1 2937468
506 1 2941470
507 1 2949474
508 1 2961480
509 1 2969484
510 1 2973486
511 1 2981490
512 1 2993496
513 1 2997498
514 1 3001500
515 1 3005502
516 1 3009504
517 1 3013506
518 1 3025512
519 1 3033516
520 1 3037518
521 1 3065532
522 1 3069534
523 1 3073536
524 1 3081540
525 1 3085542
526 1 3093546
527 1 3097548
528 1 3101550
529 1 3105552
530 1 3129564
531 1 3133566
532 1 3137568
533 1 3141570
534 1 3149574
535 1 3153576
536 1 3157578
537 1 3161580
538 1 3169584
539 1 3173586
540 1 3177588
541 1 3181590
542 1 3185592
543 1 3189594
544 1 3193596
545 1 3201600
546 1 3205601
547 1 3209604
548 1 3213606
549 1 3217608
550 1 3221609
551 1 3225612
552 1 3229614
553 1 3233616
554 1 3241620
555 1 3249624
556 1 3253626
557 1 3257627
558 1 3265632
559 1 3269634
560 1 3277638
561 1 3281640
562 1 3285642
563 1 3293645
564 1 3301650
565 1 3305652
566 1 3313656
567 1 3317658
568 1 3329663
569 1 3333666
570 1 3337668
571 1 3353676
572 1 3357678
573 1 3361680
574 1 3365682
575 1 3369684
576 1 3373686
577 1 3377688
578 1 3381689
579 1 3385692
580 1 3389694
581 1 3393696
582 1 3397697
583 1 3401700
584 1 3405702
585 1 3409704
586 1 3413706
587 1 3417707
588 1 3425712
589 1 3437718
590 1 3441720
591 1 3445722
592 1 3453726
593 1 3457728
594 1 3465732
595 1 3473736
596 1 3477738
597 1 3481740
598 1 3489744
599 1 3497748
600 1 3501750
601 1 3505751
602 1 3509754
603 1 3521759
604 1 3525762
605 1 3529764
606 1 3533766
607 1 3541770
608 1 3545772
609 1 3561780
610 1 3565782
611 1 3569784
612 1 3573786
613 1 3577788
614 1 3581790
615 1 3585792
616 1 3593795
617 1 3597798
618 1 3601800
619 1 3605802
620 1 3609803
621 1 3613806
622 1 3617808
623 1 3621810
624 1 3625812
625 1 3629813
626 1 3633816
627 1 3637818
628 1 3641820
629 1 3645821
630 1 3649824
631 1 3653826
632 1 3657828
633 1 3661830
634 1 3669834
635 1 3673836
636 1 3677838
637 1 3685842
638 1 3689844
639 1 3693846
640 1 3697847
641 1 3701850
642 1 3709854
643 1 3713856
644 1 3717857
645 1 3721860
646 1 3725862
647 1 3729864
648 1 3733865
649 1 3737868
650 1 3745872
651 1 3749874
652 1 3757878
653 1 3765882
654 1 3777888
655 1 3793896
656 1 3801900
657 1 3805901
658 1 3813906
659 1 3817908
660 1 3825912
661 1 3829914
662 1 3833916
663 1 3841919
664 1 3845922
665 1 3853926
666 1 3857927
667 1 3861930
668 1 3865932
669 1 3869934
670 1 3873936
671 1 3877938
672 1 3881940
673 1 3885942
674 1 3889944
675 1 3893945
676 1 3897948
677 1 3901950
678 1 3909953
679 1 3921960
680 1 3929963
681 1 3933966
682 1 3937968
683 1 3941970
684 1 3945971
685 1 3949974
686 1 3953976
687 1 3957978
688 1 3961980
689 1 3969984
690 1 3977988
691 1 3981989
692 1 3985992
693 1 3989994
694 1 3997997
695 1 4002000
696 1 4006002
697 1 4010004
698 1 4014006
699 1 4018007
700 1 4022010
701 1 4026012
702 1 4030014
703 1 4038018
704 1 4042020
705 1 4062030
706 1 4066032
707 1 4070033
708 1 4074036
709 1 4078038
710 1 4102050
711 1 4114056
712 1 4118058
713 1 4126062
714 1 4130064
715 1 4142069
716 1 4146072
717 1 4154076
718 1 4158077
719 1 4162080
720 1 4166082
721 1 4174086
722 1 4182090
723 1 4186092
724 1 4194095
725 1 4198098
726 1 4206102
727 1 4210104
728 1 4218108
729 1 4222110
730 1 4226112
731 1 4230114
732 1 4234116
733 1 4238118
734 1 4242120
735 1 4246122
736 1 4250124
737 1 4258128
738 1 4262130
739 1 4266132
740 1 4270134
741 1 4278138
742 1 4290144
743 1 4302150
744 1 4306152
745 1 4314156
746 1 4318158
747 1 4334166
748 1 4342170
749 1 4346172
750 1 4350174
751 1 4358178
752 1 4362180
753 1 4370184
754 1 4374186
755 1 4378188
756 1 4382190
757 1 4386192
758 1 4402200
759 1 4406202
760 1 4418208
761 1 4426212
762 1 4430214
763 1 4434216
764 1 4450224
765 1 4454226
766 1 4458228
767 1 4462230
768 1 4466232
769 1 4470234
770 1 4474236
771 1 4478238
772 1 4486242
773 1 4502250
774 1 4506252
775 1 4534266
776 1 4538268
777 1 4542270
778 1 4546272
779 1 4550274
780 1 4566282
781 1 4574286
782 1 4582290
783 1 4590294
784 1 4602300
785 1 4606302
786 1 4614306
787 1 4618308
788 1 4622310
789 1 4626312
790 1 4634316
791 1 4642320
792 1 4646322
793 1 4650324
794 1 4654326
795 1 4666332
796 1 4670334
797 1 4674336
798 1 4690344
799 1 4702350
800 1 4710354
801 1 4718358
802 1 4722360
803 1 4726362
804 1 4734366
805 1 4738368
806 1 4742370
807 1 4750374
808 1 4754376
809 1 4766382
810 1 4770384
811 1 4774386
812 1 4778388
813 1 4782390
814 1 4786392
815 1 4794396
816 1 4802400
817 1 4810404
818 1 4818408
819 1 4822410
820 1 4842420
821 1 4846422
822 1 4850424
823 1 4854426
824 1 4858428
825 1 4870434
826 1 4874436
827 1 4878438
828 1 4882440
829 1 4890444
830 1 4902450
831 1 4914456
832 1 4954476
833 1 4962480
834 1 4966482
835 1 4978488
836 1 4998498
837 1 5006502
838 1 5014506
839 1 5018508
840 1 5022510
841 1 5026512
842 1 5042520
843 1 5046522
844 1 5050524
845 1 5062530
846 1 5066532
847 1 5070534
848 1 5074536
849 1 5082540
850 1 5094546
851 1 5098548
852 1 5102550
853 1 5106552
854 1 5110554
855 1 5114556
856 1 5118558
857 1 5122560
858 1 5126562
859 1 5130564
860 1 5134566
861 1 5142570
862 1 5146572
863 1 5150574
864 1 5158578
865 1 5162580
866 1 5166582
867 1 5170584
868 1 5182590
869 1 5194596
870 1 5198598
871 1 5202600
872 1 5206602
873 1 5214606
874 1 5218608
875 1 5222610
876 1 5226612
877 1 5234616
878 1 5238618
879 1 5242620
880 1 5246622
881 1 5250624
882 1 5254626
883 1 5258628
884 1 5262630
885 1 5266632
886 1 5274636
887 1 5278638
888 1 5306652
889 1 5310654
890 1 5314656
891 1 5318658
892 1 5322660
893 1 5326662
894 1 5338668
895 1 5342670
896 1 5346672
897 1 5350674
898 1 5358678
899 1 5362680
900 1 5366682
901 1 5370684
902 1 5374686
903 1 5378688
904 1 5390694
905 1 5398698
906 1 5402700
907 1 5406702
908 1 5422710
909 1 5426712
910 1 5430714
911 1 5434716
912 1 5446722
913 1 5458728
914 1 5470734
915 1 5474736
916 1 5482740
917 1 5490744
918 1 5494746
919 1 5498748
920 1 5502750
921 1 5506752
922 1 5514756
923 1 5518758
924 1 5526762
925 1 5534766
926 1 5538768
927 1 5542770
928 1 5546772
929 1 5550774
930 1 5554776
931 1 5558778
932 1 5562780
933 1 5566782
934 1 5570784
935 1 5578788
936 1 5582790
937 1 5586792
938 1 5590794
939 1 5598798
940 1 5606802
941 1 5610804
942 1 5634816
943 1 5638818
944 1 5642820
945 1 5662830
946 1 5666832
947 1 5670834
948 1 5686842
949 1 5698848
950 1 5714856
951 1 5770884
952 1 5774886
953 1 5782890
954 1 5790894
955 1 5794896
956 1 5798898
957 1 5802900
958 1 5806902
959 1 5810904
960 1 5826912
961 1 5830914
962 1 5834916
963 1 5838918
964 1 5846922
965 1 5854926
966 1 5862930
967 1 5870934
968 1 5874936
969 1 5878938
970 1 5882940
971 1 5886942
972 1 5898948
973 1 5902950
974 1 5906952
975 1 5914956
976 1 5918958
977 1 5922960
978 1 5986992
979 1 5990994
980 1 5998998
981 1 6007002
982 1 6011004
983 1 6015006
984 1 6019008
985 1 6027012
986 1 6035016
987 1 6055026
988 1 6063030
989 1 6071034
990 1 6079038
991 1 6083040
992 1 6087042
993 1 6091044
994 1 6095046
995 1 6099048
996 1 6103050
997 1 6107052
998 1 6119058
999 1 6131064
1000 1 6135066
1001 1 6147072
1002 1 6151074
1003 1 6159078
1004 1 6167082
1005 1 6171084
1006 1 6175086
1007 1 6179088
1008 1 6187092
1009 1 6191094
1010 1 6195096
1011 1 6199098
1012 1 6207102
1013 1 6219108
1014 1 6223110
1015 1 6243120
1016 1 6247122
1017 1 6251124
1018 1 6259128
1019 1 6275136
1020 1 6279138
1021 1 6283140
1022 1 6287142
1023 1 6291144
1024 1 6295146
1025 1 6299148
1026 1 6307152
1027 1 6311154
1028 1 6319158
1029 1 6323160
1030 1 6327162
1031 1 6331164
1032 1 6335166
1033 1 6339168
1034 1 6343170
1035 1 6347172
1036 1 6351174
1037 1 6355176
1038 1 6359178
1039 1 6363180
1040 1 6375186
1041 1 6379188
1042 1 6383190
1043 1 6387192
1044 1 6395196
1045 1 6403200
1046 1 6407201
1047 1 6415206
1048 1 6419208
1049 1 6423210
1050 1 6431214
1051 1 6447221
1052 1 6451224
1053 1 6455226
1054 1 6459228
1055 1 6467232
1056 1 6487242
1057 1 6495246
1058 1 6499248
1059 1 6503250
1060 1 6515255
1061 1 6519258
1062 1 6527262
1063 1 6531264
1064 1 6535266
1065 1 6539268
1066 1 6543270
1067 1 6547272
1068 1 6551273
1069 1 6555276
1070 1 6559278
1071 1 6587291
1072 1 6591294
1073 1 6595296
1074 1 6599298
1075 1 6603300
1076 1 6623309
1077 1 6663330
1078 1 6667332
1079 1 6671334
1080 1 6675336
1081 1 6679338
1082 1 6683340
1083 1 6687342
1084 1 6691343
1085 1 6703350
1086 1 6707352
1087 1 6715356
1088 1 6723360
1089 1 6731364
1090 1 6735366
1091 1 6743370
1092 1 6747372
1093 1 6751374
1094 1 6755376
1095 1 6763379
1096 1 6767382
1097 1 6771384
1098 1 6779388
1099 1 6783390
1100 1 6787392
1101 1 6839418
1102 1 6847422
1103 1 6855426
1104 1 6859428
1105 1 6875436
1106 1 6899448
1107 1 6919458
1108 1 6923460
1109 1 6927462
1110 1 6935466
1111 1 6943470
1112 1 6947472
1113 1 6955476
1114 1 6959478
1115 1 6971483
1116 1 6975485
1117 1 6983490
1118 1 6987492
1119 1 6999498
1120 1 7003500
1121 1 7007501
1122 1 7023510
1123 1 7027512
1124 1 7031514
1125 1 7039518
1126 1 7043519
1127 1 7055526
1128 1 7067532
1129 1 7071534
1130 1 7075536
1131 1 7079537
1132 1 7083540
1133 1 7099548
1134 1 7103550
1135 1 7107552
1136 1 7111554
1137 1 7115555
1138 1 7119558
1139 1 7123560
1140 1 7135566
1141 1 7139568
1142 1 7143570
1143 1 7151573
1144 1 7155576
1145 1 7159578
1146 1 7167582
1147 1 7171584
1148 1 7175586
1149 1 7187591
1150 1 7191594
1151 1 7199598
1152 1 7203600
1153 1 7207602
1154 1 7215606
1155 1 7231614
1156 1 7235616
1157 1 7239618
1158 1 7243620
1159 1 7247622
1160 1 7255625
1161 1 7271634
1162 1 7275636
1163 1 7283640
1164 1 7287642
1165 1 7299648
1166 1 7315656
1167 1 7363679
1168 1 7371684
1169 1 7387692
1170 1 7395695
1171 1 7403700
1172 1 7407702
1173 1 7411704
1174 1 7415706
1175 1 7419708
1176 1 7435715
1177 1 7439718
1178 1 7447722
1179 1 7455726
1180 1 7507752
1181 1 7515756
1182 1 7531764
1183 1 7535766
1184 1 7539767
1185 1 7543770
1186 1 7547772
1187 1 7551774
1188 1 7555776
1189 1 7559778
1190 1 7563780
1191 1 7571784
1192 1 7575785
1193 1 7579788
1194 1 7583790
1195 1 7603800
1196 1 7611803
1197 1 7615806
1198 1 7619808
1199 1 7623810
1200 1 7627812
1201 1 7631814
1202 1 7635816
1203 1 7639818
1204 1 7647821
1205 1 7663830
1206 1 7667832
1207 1 7671834
1208 1 7679837
1209 1 7691844
1210 1 7711854
1211 1 7715855
1212 1 7719858
1213 1 7723860
1214 1 7727862
1215 1 7731864
1216 1 7735866
1217 1 7739868
1218 1 7747872
1219 1 7751873
1220 1 7755876
1221 1 7759878
1222 1 7763880
1223 1 7767882
1224 1 7771884
1225 1 7775886
1226 1 7779888
1227 1 7783889
1228 1 7787891
1229 1 7791894
1230 1 7795896
1231 1 7799898
1232 1 7807902
1233 1 7811904
1234 1 7819907
1235 1 7823909
1236 1 7827912
1237 1 7831914
1238 1 7839918
1239 1 7847922
1240 1 7851924
1241 1 7855925
1242 1 7863930
1243 1 7867932
1244 1 7871934
1245 1 7883940
1246 1 7887942
1247 1 7891943
1248 1 7899948
1249 1 7911954
1250 1 7919958
1251 1 7923960
1252 1 7927961
1253 1 7935966
1254 1 7943970
1255 1 7947972
1256 1 7951974
1257 1 7955976
1258 1 7963979
1259 1 7967982
1260 1 7971984
1261 1 7987992
1262 1 7999997
1263 1 8004000
1264 1 8008002
1265 1 8024010
1266 1 8028012
1267 1 8032013
1268 1 8036015
1269 1 8044020
1270 1 8048022
1271 1 8056026
1272 1 8068031
1273 1 8072033
1274 1 8076036
1275 1 8080038
1276 1 8084040
1277 1 8088042
1278 1 8092044
1279 1 8100048
1280 1 8104049
1281 1 8108052
1282 1 8112054
1283 1 8116056
1284 1 8120058
1285 1 8124060
1286 1 8128062
1287 1 8132064
1288 1 8136066
1289 1 8144070
1290 1 8152074
1291 1 8156076
1292 1 8164080
1293 1 8168082
1294 1 8176085
1295 1 8180088
1296 1 8184090
1297 1 8188092
1298 1 8192094
1299 1 8200098
1300 1 8204100
1301 1 8208101
1302 1 8216106
1303 1 8224110
1304 1 8228112
1305 1 8232114
1306 1 8236116
1307 1 8240118
1308 1 8244119
1309 1 8252124
1310 1 8256126
1311 1 8260128
1312 1 8264130
1313 1 8268132
1314 1 8272134
1315 1 8276136
1316 1 8280137
1317 1 8284139
1318 1 8292144
1319 1 8296146
1320 1 8300148
1321 1 8304150
1322 1 8312154
1323 1 8316155
1324 1 8320158
1325 1 8324160
1326 1 8328162
1327 1 8332164
1328 1 8344170
1329 1 8348172
1330 1 8352173
1331 1 8356176
1332 1 8360178
1333 1 8364180
1334 1 8368182
1335 1 8372184
1336 1 8380188
1337 1 8392194
1338 1 8396196
1339 1 8400198
1340 1 8404200
1341 1 8408202
1342 1 8412204
1343 1 8420208
1344 1 8424210
1345 1 8428212
1346 1 8432214
1347 1 8440218
1348 1 8452224
1349 1 8460228
1350 1 8468232
1351 1 8472234
1352 1 8476236
1353 1 8480238
1354 1 8488242
1355 1 8496246
1356 1 8500248
1357 1 8504250
1358 1 8508252
1359 1 8516256
1360 1 8524260
1361 1 8532264
1362 1 8548272
1363 1 8552274
1364 1 8572284
1365 1 8588292
1366 1 8596296
1367 1 8600298
1368 1 8604300
1369 1 8612304
1370 1 8616306
1371 1 8624310
1372 1 8628312
1373 1 8636316
1374 1 8644320
1375 1 8648322
1376 1 8652324
1377 1 8656326
1378 1 8660328
1379 1 8668332
1380 1 8676336
1381 1 8680338
1382 1 8688342
1383 1 8700348
1384 1 8704350
1385 1 8708352
1386 1 8712354
1387 1 8716356
1388 1 8720358
1389 1 8732364
1390 1 8740368
1391 1 8748372
1392 1 8756376
1393 1 8760378
1394 1 8768382
1395 1 8772384
1396 1 8780388
1397 1 8784390
1398 1 8788392
1399 1 8792394
1400 1 8796396
1401 1 8800398
1402 1 8804400
1403 1 8812404
1404 1 8820408
1405 1 8828412
1406 1 8832414
1407 1 8836416
1408 1 8840418
1409 1 8848422
1410 1 8860428
1411 1 8864430
1412 1 8868432
1413 1 8892444
1414 1 8900448
1415 1 8908452
1416 1 8912454
1417 1 8916456
1418 1 8924460
1419 1 8928462
1420 1 8936466
1421 1 8940468
1422 1 8948472
1423 1 8952474
1424 1 8956476
1425 1 8960478
1426 1 8964480
1427 1 8968482
1428 1 8984490
1429 1 8988492
1430 1 8996496
1431 1 9000498
1432 1 9004500
1433 1 9008502
1434 1 9016506
1435 1 9020508
1436 1 9028512
1437 1 9032514
1438 1 9036516
1439 1 9040518
1440 1 9044520
1441 1 9048522
1442 1 9052524
1443 1 9060528
1444 1 9064530
1445 1 9072534
1446 1 9084540
1447 1 9088542
1448 1 9092544
1449 1 9100548
1450 1 9104550
1451 1 9116556
1452 1 9120558
1453 1 9160578
1454 1 9172584
1455 1 9176586
1456 1 9180588
1457 1 9184590
1458 1 9188592
1459 1 9192594
1460 1 9204600
1461 1 9216606
1462 1 9220608
1463 1 9224610
1464 1 9228612
1465 1 9244620
1466 1 9256626
1467 1 9260628
1468 1 9264630
1469 1 9268632
1470 1 9288642
1471 1 9352674
1472 1 9364680
1473 1 9368682
1474 1 9372684
1475 1 9384690
1476 1 9392694
1477 1 9400698
1478 1 9408702
1479 1 9424710
1480 1 9428712
1481 1 9436716
1482 1 9440718
1483 1 9444720
1484 1 9448722
1485 1 9452724
1486 1 9456726
1487 1 9460728
1488 1 9464730
1489 1 9480738
1490 1 9484740
1491 1 9492744
1492 1 9500748
1493 1 9504750
1494 1 9552774
1495 1 9560778
1496 1 9568782
1497 1 9572784
1498 1 9576786
1499 1 9580788
1500 1 9584790
1501 1 9588792
1502 1 9592794
1503 1 9600798
1504 1 9604800
1505 1 9612804
1506 1 9616806
1507 1 9624810
1508 1 9632814
1509 1 9636816
1510 1 9644820
1511 1 9648822
1512 1 9660828
1513 1 9664830
1514 1 9668832
1515 1 9680838
1516 1 9684840
1517 1 9688842
1518 1 9692844
1519 1 9696846
1520 1 9700848
1521 1 9704850
1522 1 9712854
1523 1 9716856
1524 1 9720858
1525 1 9724860
1526 1 9736866
1527 1 9744870
1528 1 9748872
1529 1 9756876
1530 1 9764880
1531 1 9772884
1532 1 9776886
1533 1 9780888
1534 1 9788892
1535 1 9792894
1536 1 9796896
1537 1 9800898
1538 1 9804900
1539 1 9812904
1540 1 9816906
1541 1 9820908
1542 1 9824910
1543 1 9828912
1544 1 9836916
1545 1 9840918
1546 1 9844920
1547 1 9848922
1548 1 9852924
1549 1 9856926
1550 1 9860928
1551 1 9868932
1552 1 9876936
1553 1 9880938
1554 1 9884940
1555 1 9892944
1556 1 9900948
1557 1 9904950
1558 1 9908952
1559 1 9916956
1560 1 9920958
1561 1 9924960
1562 1 9932964
1563 1 9944970
1564 1 9948972
1565 1 9952974
1566 1 9956976
1567 1 9960978
1568 1 9964980
1569 1 9968982
1570 1 9972984
1571 1 9976986
1572 1 9980988
1573 1 9988992
1574 1 9992994
1575 1 9996996
1576 2 4002
1577 2 12006
1578 2 16008
1579 2 20010
1580 2 28014
1581 2 32016
1582 2 36018
1583 2 44022
1584 2 52025
1585 2 56028
1586 2 68034
1587 2 72036
1588 2 80040
1589 2 84042
1590 2 88044
1591 2 92046
1592 2 100050
1593 2 104051
1594 2 108054
1595 2 112056
1596 2 116058
1597 2 120059
1598 2 136068
1599 2 144072
1600 2 156078
1601 2 160080
1602 2 164082
1603 2 168084
1604 2 176088
1605 2 180090
1606 2 188094
1607 2 192096
1608 2 196098
1609 2 200100
1610 2 204102
1611 2 208103
1612 2 216108
1613 2 220109
1614 2 224112
1615 2 228114
1616 2 232116
1617 2 236118
1618 2 240119
1619 2 244122
1620 2 248124
1621 2 252125
1622 2 268134
1623 2 272136
1624 2 276138
1625 2 280140
1626 2 288144
1627 2 292146
1628 2 296148
1629 2 300150
1630 2 304152
1631 2 308154
1632 2 316158
1633 2 320160
1634 2 328164
1635 2 332166
1636 2 340170
1637 2 348174
1638 2 352176
1639 2 356178
1640 2 360180
1641 2 368184
1642 2 372186
1643 2 380190
1644 2 384192
1645 2 388194
1646 2 400200
1647 2 404202
1648 2 412206
1649 2 416207
1650 2 420210
1651 2 428214
1652 2 432216
1653 2 436218
1654 2 440219
1655 2 444222
1656 2 448224
1657 2 456228
1658 2 460229
1659 2 472236
1660 2 480239
1661 2 484242
1662 2 488244
1663 2 496248
1664 2 500250
1665 2 504251
1666 2 516258
1667 2 520260
1668 2 524261
1669 2 528264
1670 2 532266
1671 2 536268
1672 2 540270
1673 2 548274
1674 2 556278
1675 2 560280
1676 2 564282
1677 2 568284
1678 2 576288
1679 2 592296
1680 2 596298
1681 2 600300
1682 2 604302
1683 2 608304
1684 2 612306
1685 2 616308
1686 2 620310
1687 2 628314
1688 2 636318
1689 2 640320
1690 2 652326
1691 2 660330
1692 2 664332
1693 2 668334
1694 2 672336
1695 2 676338
1696 2 680340
1697 2 688344
1698 2 696348
1699 2 700350
1700 2 708354
1701 2 712356
1702 2 716358
1703 2 736368
1704 2 744372
1705 2 756378
1706 2 768384
1707 2 788394
1708 2 800400
1709 2 812406
1710 2 816408
1711 2 820410
1712 2 832415
1713 2 836417
1714 2 844422
1715 2 848424
1716 2 856428
1717 2 860430
1718 2 868434
1719 2 872436
1720 2 876437
1721 2 880439
1722 2 888444
1723 2 892446
1724 2 908454
1725 2 916458
1726 2 928464
1727 2 932466
1728 2 940470
1729 2 944472
1730 2 948474
1731 2 952476
1732 2 980490
1733 2 988494
1734 2 992496
1735 2 996498
1736 2 1000500
1737 2 1008503
1738 2 1016508
1739 2 1028514
1740 2 1032516
1741 2 1036518
1742 2 1044522
1743 2 1056528
1744 2 1072536
1745 2 1080540
1746 2 1084542
1747 2 1088544
1748 2 1092546
1749 2 1100550
1750 2 1104552
1751 2 1108554
1752 2 1112556
1753 2 1116558
1754 2 1124562
1755 2 1128564
1756 2 1144572
1757 2 1148574
1758 2 1156578
1759 2 1160580
1760 2 1168584
1761 2 1172586
1762 2 1176588
1763 2 1180590
1764 2 1188594
1765 2 1192596
1766 2 1196598
1767 2 1204602
1768 2 1208604
1769 2 1212606
1770 2 1216608
1771 2 1220610
1772 2 1228614
1773 2 1232616
1774 2 1236618
1775 2 1240620
1776 2 1244622
1777 2 1248624
1778 2 1256628
1779 2 1260630
1780 2 1264632
1781 2 1268634
1782 2 1272636
1783 2 1276638
1784 2 1280640
1785 2 1284642
1786 2 1300650
1787 2 1308654
1788 2 1316658
1789 2 1320660
1790 2 1324662
1791 2 1328664
1792 2 1332666
1793 2 1348674
1794 2 1356678
1795 2 1360680
1796 2 1368684
1797 2 1372686
1798 2 1376688
1799 2 1384692
1800 2 1388694
1801 2 1392696
1802 2 1400700
1803 2 1408704
1804 2 1412706
1805 2 1420710
1806 2 1424712
1807 2 1436718
1808 2 1440720
1809 2 1444722
1810 2 1448724
1811 2 1452726
1812 2 1456728
1813 2 1464732
1814 2 1468734
1815 2 1472736
1816 2 1480740
1817 2 1484742
1818 2 1492746
1819 2 1496748
1820 2 1508754
1821 2 1520760
1822 2 1532766
1823 2 1536768
1824 2 1540770
1825 2 1544772
1826 2 1548774
1827 2 1556778
1828 2 1560780
1829 2 1564782
1830 2 1572786
1831 2 1576788
1832 2 1584792
1833 2 1588794
1834 2 1600800
1835 2 1604802
1836 2 1608804
1837 2 1612806
1838 2 1616808
1839 2 1620810
1840 2 1624812
1841 2 1628813
1842 2 1632816
1843 2 1636818
1844 2 1644822
1845 2 1648824
1846 2 1656828
1847 2 1660830
1848 2 1664831
1849 2 1680840
1850 2 1684842
1851 2 1688844
1852 2 1696848
1853 2 1700850
1854 2 1704852
1855 2 1712856
1856 2 1716857
1857 2 1724862
1858 2 1728864
1859 2 1736868
1860 2 1748874
1861 2 1752875
1862 2 1760879
1863 2 1764882
1864 2 1768884
1865 2 1772886
1866 2 1776888
1867 2 1780890
1868 2 1784892
1869 2 1788894
1870 2 1792896
1871 2 1796897
1872 2 1800900
1873 2 1804901
1874 2 1808904
1875 2 1812906
1876 2 1816908
1877 2 1820910
1878 2 1828914
1879 2 1832916
1880 2 1844922
1881 2 1864932
1882 2 1872936
1883 2 1876938
1884 2 1880940
1885 2 1888944
1886 2 1892946
1887 2 1896948
1888 2 1900950
1889 2 1904952
1890 2 1908954
1891 2 1920959
1892 2 1924962
1893 2 1928963
1894 2 1932966
1895 2 1936968
1896 2 1940970
1897 2 1952976
1898 2 1972985
1899 2 1980990
1900 2 1988994
1901 2 1992996
1902 2 1996998
1903 2 2013006
1904 2 2017007
1905 2 2021010
1906 2 2029014
1907 2 2037018
1908 2 2041020
1909 2 2057028
1910 2 2061029
1911 2 2069034
1912 2 2073036
1913 2 2077038
1914 2 2085042
1915 2 2089044
1916 2 2093046
1917 2 2105052
1918 2 2117058
1919 2 2137068
1920 2 2141070
1921 2 2193096
1922 2 2197098
1923 2 2237118
1924 2 2241120
1925 2 2245122
1926 2 2281140
1927 2 2289144
1928 2 2293146
1929 2 2297148
1930 2 2301150
1931 2 2305152
1932 2 2309154
1933 2 2313156
1934 2 2317158
1935 2 2321160
1936 2 2325162
1937 2 2329164
1938 2 2333166
1939 2 2341170
1940 2 2345172
1941 2 2349174
1942 2 2353176
1943 2 2369184
1944 2 2373186
1945 2 2377188
1946 2 2381190
1947 2 2385192
1948 2 2389194
1949 2 2405202
1950 2 2413206
1951 2 2417208
1952 2 2425212
1953 2 2429214
1954 2 2437218
1955 2 2441220
1956 2 2445222
1957 2 2449224
1958 2 2453226
1959 2 2457228
1960 2 2465232
1961 2 2473236
1962 2 2481240
1963 2 2489244
1964 2 2493246
1965 2 2501250
1966 2 2509254
1967 2 2513256
1968 2 2521260
1969 2 2525262
1970 2 2529264
1971 2 2533266
1972 2 2537268
1973 2 2545272
1974 2 2561280
1975 2 2565282
1976 2 2573286
1977 2 2577288
1978 2 2581290
1979 2 2589294
1980 2 2593296
1981 2 2601300
1982 2 2605302
1983 2 2613306
1984 2 2617308
1985 2 2621310
1986 2 2625312
1987 2 2629314
1988 2 2633316
1989 2 2641320
1990 2 2653326
1991 2 2657328
1992 2 2661330
1993 2 2665332
1994 2 2673336
1995 2 2685342
1996 2 2689344
1997 2 2693346
1998 2 2697348
1999 2 2709354
2000 2 2717358
2001 2 2721360
2002 2 2729364
2003 2 2745372
2004 2 2753376
2005 2 2757378
2006 2 2769384
2007 2 2777388
2008 2 2781390
2009 2 2785392
2010 2 2789394
2011 2 2793396
2012 2 2809404
2013 2 2813406
2014 2 2821410
2015 2 2825412
2016 2 2829414
2017 2 2845422
2018 2 2849424
2019 2 2853426
2020 2 2865432
2021 2 2869434
2022 2 2877438
2023 2 2885442
2024 2 2889444
2025 2 2901450
2026 2 2905452
2027 2 2909454
2028 2 2913456
2029 2 2933466
2030 2 2969484
2031 2 2977488
2032 2 2985492
2033 2 3001500
2034 2 3009504
2035 2 3013506
2036 2 3017508
2037 2 3021510
2038 2 3025512
2039 2 3029514
2040 2 3033516
2041 2 3037518
2042 2 3041520
2043 2 3045522
2044 2 3053526
2045 2 3057528
2046 2 3077538
2047 2 3081540
2048 2 3085542
2049 2 3089544
2050 2 3093546
2051 2 3097548
2052 2 3105552
2053 2 3113556
2054 2 3117558
2055 2 3121560
2056 2 3129564
2057 2 3141570
2058 2 3145572
2059 2 3161580
2060 2 3169584
2061 2 3173586
2062 2 3177588
2063 2 3193596
2064 2 3197598
2065 2 3201600
2066 2 3213606
2067 2 3217608
2068 2 3225612
2069 2 3233616
2070 2 3241620
2071 2 3245622
2072 2 3249624
2073 2 3253626
2074 2 3257627
2075 2 3261630
2076 2 3269634
2077 2 3273636
2078 2 3285642
2079 2 3289644
2080 2 3293645
2081 2 3297648
2082 2 3301650
2083 2 3305652
2084 2 3313656
2085 2 3317658
2086 2 3321660
2087 2 3325662
2088 2 3329663
2089 2 3333666
2090 2 3337668
2091 2 3341670
2092 2 3345671
2093 2 3361680
2094 2 3369684
2095 2 3377688
2096 2 3389694
2097 2 3393696
2098 2 3397697
2099 2 3405702
2100 2 3413706
2101 2 3417707
2102 2 3425712
2103 2 3441720
2104 2 3449724
2105 2 3453726
2106 2 3465732
2107 2 3473736
2108 2 3477738
2109 2 3481740
2110 2 3485741
2111 2 3489744
2112 2 3493746
2113 2 3497748
2114 2 3501750
2115 2 3513756
2116 2 3517758
2117 2 3533766
2118 2 3537768
2119 2 3545772
2120 2 3573786
2121 2 3577788
2122 2 3585792
2123 2 3601800
2124 2 3609803
2125 2 3613806
2126 2 3621810
2127 2 3625812
2128 2 3629813
2129 2 3637818
2130 2 3641820
2131 2 3645821
2132 2 3649824
2133 2 3653826
2134 2 3657828
2135 2 3665832
2136 2 3669834
2137 2 3677838
2138 2 3681839
2139 2 3685842
2140 2 3689844
2141 2 3697847
2142 2 3701850
2143 2 3705852
2144 2 3709854
2145 2 3713856
2146 2 3721860
2147 2 3729864
2148 2 3733865
2149 2 3737868
2150 2 3745872
2151 2 3753876
2152 2 3757878
2153 2 3761880
2154 2 3765882
2155 2 3769883
2156 2 3773886
2157 2 3777888
2158 2 3781890
2159 2 3785892
2160 2 3797898
2161 2 3801900
2162 2 3805901
2163 2 3809904
2164 2 3813906
2165 2 3817908
2166 2 3821909
2167 2 3825912
2168 2 3837918
2169 2 3845922
2170 2 3849924
2171 2 3853926
2172 2 3857927
2173 2 3861930
2174 2 3869934
2175 2 3877938
2176 2 3881940
2177 2 3885942
2178 2 3893945
2179 2 3905952
2180 2 3909953
2181 2 3913956
2182 2 3929963
2183 2 3933966
2184 2 3945971
2185 2 3953976
2186 2 3965982
2187 2 3973986
2188 2 3985992
2189 2 3997997
2190 2 4002000
2191 2 4006002
2192 2 4014006
2193 2 4022010
2194 2 4026012
2195 2 4030014
2196 2 4034015
2197 2 4038018
2198 2 4042020
2199 2 4054026
2200 2 4058028
2201 2 4066032
2202 2 4070033
2203 2 4078038
2204 2 4110054
2205 2 4118058
2206 2 4130064
2207 2 4134066
2208 2 4138068
2209 2 4142069
2210 2 4174086
2211 2 4214106
2212 2 4222110
2213 2 4226112
2214 2 4230114
2215 2 4250124
2216 2 4258128
2217 2 4278138
2218 2 4286142
2219 2 4294146
2220 2 4302150
2221 2 4306152
2222 2 4326162
2223 2 4330164
2224 2 4334166
2225 2 4342170
2226 2 4346172
2227 2 4350174
2228 2 4366182
2229 2 4374186
2230 2 4378188
2231 2 4382190
2232 2 4386192
2233 2 4390194
2234 2 4394196
2235 2 4398198
2236 2 4402200
2237 2 4406202
2238 2 4418208
2239 2 4450224
2240 2 4458228
2241 2 4462230
2242 2 4466232
2243 2 4470234
2244 2 4478238
2245 2 4482240
2246 2 4486242
2247 2 4490244
2248 2 4494246
2249 2 4506252
2250 2 4510254
2251 2 4514256
2252 2 4518258
2253 2 4522260
2254 2 4530264
2255 2 4538268
2256 2 4542270
2257 2 4550274
2258 2 4562280
2259 2 4566282
2260 2 4574286
2261 2 4582290
2262 2 4586292
2263 2 4594296
2264 2 4606302
2265 2 4610304
2266 2 4618308
2267 2 4622310
2268 2 4630314
2269 2 4638318
2270 2 4642320
2271 2 4646322
2272 2 4666332
2273 2 4670334
2274 2 4706352
2275 2 4714356
2276 2 4718358
2277 2 4722360
2278 2 4726362
2279 2 4734366
2280 2 4738368
2281 2 4742370
2282 2 4750374
2283 2 4762380
2284 2 4774386
2285 2 4778388
2286 2 4786392
2287 2 4794396
2288 2 4798398
2289 2 4802400
2290 2 4814406
2291 2 4818408
2292 2 4822410
2293 2 4834416
2294 2 4842420
2295 2 4846422
2296 2 4858428
2297 2 4866432
2298 2 4870434
2299 2 4874436
2300 2 4878438
2301 2 4886442
2302 2 4898448
2303 2 4902450
2304 2 4910454
2305 2 4914456
2306 2 4922460
2307 2 4926462
2308 2 4930464
2309 2 4934466
2310 2 4942470
2311 2 4950474
2312 2 4954476
2313 2 4958478
2314 2 4962480
2315 2 4966482
2316 2 4970484
2317 2 4974486
2318 2 4978488
2319 2 4982490
2320 2 4986492
2321 2 4990494
2322 2 4998498
2323 2 5006502
2324 2 5014506
2325 2 5022510
2326 2 5030514
2327 2 5046522
2328 2 5050524
2329 2 5054526
2330 2 5058528
2331 2 5070534
2332 2 5078538
2333 2 5082540
2334 2 5086542
2335 2 5090544
2336 2 5094546
2337 2 5098548
2338 2 5102550
2339 2 5106552
2340 2 5110554
2341 2 5118558
2342 2 5126562
2343 2 5146572
2344 2 5154576
2345 2 5158578
2346 2 5162580
2347 2 5166582
2348 2 5170584
2349 2 5178588
2350 2 5198598
2351 2 5202600
2352 2 5206602
2353 2 5210604
2354 2 5214606
2355 2 5226612
2356 2 5234616
2357 2 5238618
2358 2 5250624
2359 2 5254626
2360 2 5258628
2361 2 5266632
2362 2 5274636
2363 2 5278638
2364 2 5282640
2365 2 5286642
2366 2 5290644
2367 2 5302650
2368 2 5306652
2369 2 5310654
2370 2 5314656
2371 2 5318658
2372 2 5322660
2373 2 5326662
2374 2 5330664
2375 2 5334666
2376 2 5338668
2377 2 5342670
2378 2 5346672
2379 2 5350674
2380 2 5354676
2381 2 5358678
2382 2 5362680
2383 2 5374686
2384 2 5378688
2385 2 5390694
2386 2 5398698
2387 2 5402700
2388 2 5406702
2389 2 5410704
2390 2 5418708
2391 2 5422710
2392 2 5430714
2393 2 5434716
2394 2 5438718
2395 2 5442720
2396 2 5446722
2397 2 5450724
2398 2 5454726
2399 2 5462730
2400 2 5466732
2401 2 5470734
2402 2 5478738
2403 2 5482740
2404 2 5486742
2405 2 5490744
2406 2 5494746
2407 2 5498748
2408 2 5502750
2409 2 5506752
2410 2 5514756
2411 2 5518758
2412 2 5522760
2413 2 5526762
2414 2 5534766
2415 2 5542770
2416 2 5558778
2417 2 5562780
2418 2 5578788
2419 2 5582790
2420 2 5590794
2421 2 5606802
2422 2 5610804
2423 2 5618808
2424 2 5622810
2425 2 5626812
2426 2 5630814
2427 2 5634816
2428 2 5638818
2429 2 5646822
2430 2 5654826
2431 2 5658828
2432 2 5662830
2433 2 5666832
2434 2 5670834
2435 2 5674836
2436 2 5678838
2437 2 5682840
2438 2 5690844
2439 2 5702850
2440 2 5710854
2441 2 5718858
2442 2 5722860
2443 2 5726862
2444 2 5738868
2445 2 5742870
2446 2 5754876
2447 2 5758878
2448 2 5762880
2449 2 5774886
2450 2 5778888
2451 2 5782890
2452 2 5798898
2453 2 5802900
2454 2 5826912
2455 2 5842920
2456 2 5878938
2457 2 5886942
2458 2 5918958
2459 2 5970984
2460 2 5978988
2461 2 5982990
2462 2 5986992
2463 2 5994996
2464 2 6011004
2465 2 6019008
2466 2 6055026
2467 2 6071034
2468 2 6095046
2469 2 6103050
2470 2 6111054
2471 2 6123060
2472 2 6131064
2473 2 6135066
2474 2 6143070
2475 2 6147072
2476 2 6155076
2477 2 6159078
2478 2 6167082
2479 2 6183090
2480 2 6199098
2481 2 6211104
2482 2 6223110
2483 2 6231114
2484 2 6239118
2485 2 6243120
2486 2 6251124
2487 2 6267132
2488 2 6287142
2489 2 6291144
2490 2 6295146
2491 2 6299148
2492 2 6307152
2493 2 6311154
2494 2 6335166
2495 2 6339168
2496 2 6343170
2497 2 6355176
2498 2 6359178
2499 2 6375186
2500 2 6387192
2501 2 6399198
2502 2 6411203
2503 2 6415206
2504 2 6419208
2505 2 6455226
2506 2 6471234
2507 2 6479237
2508 2 6483240
2509 2 6491244
2510 2 6495246
2511 2 6499248
2512 2 6531264
2513 2 6535266
2514 2 6539268
2515 2 6543270
2516 2 6551273
2517 2 6555276
2518 2 6563280
2519 2 6579288
2520 2 6587291
2521 2 6607302
2522 2 6611304
2523 2 6619307
2524 2 6627312
2525 2 6635316
2526 2 6647322
2527 2 6655325
2528 2 6679338
2529 2 6683340
2530 2 6687342
2531 2 6691343
2532 2 6703350
2533 2 6711354
2534 2 6727361
2535 2 6735366
2536 2 6751374
2537 2 6763379
2538 2 6767382
2539 2 6771384
2540 2 6775386
2541 2 6779388
2542 2 6795395
2543 2 6799397
2544 2 6811404
2545 2 6815406
2546 2 6823410
2547 2 6827412
2548 2 6839418
2549 2 6843420
2550 2 6847422
2551 2 6855426
2552 2 6859428
2553 2 6867431
2554 2 6875436
2555 2 6883440
2556 2 6887442
2557 2 6895446
2558 2 6899448
2559 2 6911454
2560 2 6927462
2561 2 6931464
2562 2 6935466
2563 2 6939467
2564 2 6943470
2565 2 6947472
2566 2 6955476
2567 2 6959478
2568 2 6963480
2569 2 6967482
2570 2 6983490
2571 2 6987492
2572 2 6991494
2573 2 6995496
2574 2 6999498
2575 2 7003500
2576 2 7007501
2577 2 7011503
2578 2 7019508
2579 2 7023510
2580 2 7031514
2581 2 7035516
2582 2 7039518
2583 2 7043519
2584 2 7047521
2585 2 7051524
2586 2 7055526
2587 2 7059528
2588 2 7067532
2589 2 7075536
2590 2 7079537
2591 2 7095546
2592 2 7107552
2593 2 7111554
2594 2 7119558
2595 2 7123560
2596 2 7127562
2597 2 7143570
2598 2 7151573
2599 2 7167582
2600 2 7195596
2601 2 7203600
2602 2 7211604
2603 2 7219607
2604 2 7223609
2605 2 7235616
2606 2 7243620
2607 2 7251624
2608 2 7255625
2609 2 7259627
2610 2 7267632
2611 2 7275636
2612 2 7279638
2613 2 7283640
2614 2 7287642
2615 2 7295646
2616 2 7303650
2617 2 7307652
2618 2 7315656
2619 2 7319658
2620 2 7323660
2621 2 7327661
2622 2 7331664
2623 2 7335666
2624 2 7339668
2625 2 7343670
2626 2 7347672
2627 2 7351674
2628 2 7355676
2629 2 7359678
2630 2 7367682
2631 2 7371684
2632 2 7375686
2633 2 7379688
2634 2 7387692
2635 2 7391694
2636 2 7395695
2637 2 7399697
2638 2 7403700
2639 2 7407702
2640 2 7411704
2641 2 7415706
2642 2 7419708
2643 2 7427712
2644 2 7455726
2645 2 7459728
2646 2 7463730
2647 2 7467731
2648 2 7471733
2649 2 7475736
2650 2 7479738
2651 2 7483740
2652 2 7487742
2653 2 7491744
2654 2 7495746
2655 2 7499748
2656 2 7503749
2657 2 7507752
2658 2 7511754
2659 2 7515756
2660 2 7519758
2661 2 7523760
2662 2 7527762
2663 2 7531764
2664 2 7535766
2665 2 7539767
2666 2 7543770
2667 2 7547772
2668 2 7551774
2669 2 7555776
2670 2 7559778
2671 2 7563780
2672 2 7567782
2673 2 7571784
2674 2 7579788
2675 2 7591794
2676 2 7619808
2677 2 7623810
2678 2 7627812
2679 2 7639818
2680 2 7655826
2681 2 7659828
2682 2 7663830
2683 2 7667832
2684 2 7671834
2685 2 7675836
2686 2 7683839
2687 2 7687842
2688 2 7703850
2689 2 7711854
2690 2 7723860
2691 2 7731864
2692 2 7735866
2693 2 7747872
2694 2 7751873
2695 2 7759878
2696 2 7763880
2697 2 7767882
2698 2 7775886
2699 2 7779888
2700 2 7787891
2701 2 7791894
2702 2 7795896
2703 2 7799898
2704 2 7807902
2705 2 7811904
2706 2 7819907
2707 2 7823909
2708 2 7847922
2709 2 7851924
2710 2 7855925
2711 2 7871934
2712 2 7875936
2713 2 7883940
2714 2 7895946
2715 2 7899948
2716 2 7907952
2717 2 7911954
2718 2 7919958
2719 2 7923960
2720 2 7931964
2721 2 7935966
2722 2 7947972
2723 2 7951974
2724 2 7959978
2725 2 7971984
2726 2 7983990
2727 2 7987992
2728 2 8004000
2729 2 8024010
2730 2 8032013
2731 2 8052024
2732 2 8064030
2733 2 8068031
2734 2 8072033
2735 2 8100048
2736 2 8108052
2737 2 8116056
2738 2 8120058
2739 2 8124060
2740 2 8136066
2741 2 8168082
2742 2 8172084
2743 2 8188092
2744 2 8196096
2745 2 8224110
2746 2 8232114
2747 2 8236116
2748 2 8240118
2749 2 8244119
2750 2 8264130
2751 2 8276136
2752 2 8280137
2753 2 8284139
2754 2 8300148
2755 2 8304150
2756 2 8312154
2757 2 8316155
2758 2 8324160
2759 2 8328162
2760 2 8332164
2761 2 8348172
2762 2 8352173
2763 2 8360178
2764 2 8364180
2765 2 8368182
2766 2 8376186
2767 2 8380188
2768 2 8404200
2769 2 8412204
2770 2 8424210
2771 2 8436216
2772 2 8440218
2773 2 8444220
2774 2 8452224
2775 2 8456226
2776 2 8460228
2777 2 8464230
2778 2 8468232
2779 2 8480238
2780 2 8504250
2781 2 8512254
2782 2 8520258
2783 2 8532264
2784 2 8536266
2785 2 8552274
2786 2 8556276
2787 2 8564280
2788 2 8572284
2789 2 8576286
2790 2 8580288
2791 2 8600298
2792 2 8604300
2793 2 8608302
2794 2 8616306
2795 2 8620308
2796 2 8624310
2797 2 8628312
2798 2 8632314
2799 2 8636316
2800 2 8648322
2801 2 8656326
2802 2 8664330
2803 2 8672334
2804 2 8688342
2805 2 8696346
2806 2 8704350
2807 2 8712354
2808 2 8716356
2809 2 8728362
2810 2 8732364
2811 2 8736366
2812 2 8740368
2813 2 8744370
2814 2 8764380
2815 2 8768382
2816 2 8776386
2817 2 8780388
2818 2 8796396
2819 2 8800398
2820 2 8808402
2821 2 8812404
2822 2 8816406
2823 2 8820408
2824 2 8824410
2825 2 8828412
2826 2 8836416
2827 2 8840418
2828 2 8844420
2829 2 8852424
2830 2 8856426
2831 2 8864430
2832 2 8868432
2833 2 8884440
2834 2 8888442
2835 2 8892444
2836 2 8900448
2837 2 8912454
2838 2 8928462
2839 2 8936466
2840 2 8944470
2841 2 8948472
2842 2 8952474
2843 2 8956476
2844 2 8964480
2845 2 8972484
2846 2 8976486
2847 2 8980488
2848 2 8984490
2849 2 9000498
2850 2 9008502
2851 2 9012504
2852 2 9032514
2853 2 9036516
2854 2 9040518
2855 2 9044520
2856 2 9048522
2857 2 9064530
2858 2 9068532
2859 2 9072534
2860 2 9076536
2861 2 9080538
2862 2 9092544
2863 2 9096546
2864 2 9100548
2865 2 9104550
2866 2 9112554
2867 2 9116556
2868 2 9124560
2869 2 9136566
2870 2 9140568
2871 2 9152574
2872 2 9156576
2873 2 9164580
2874 2 9168582
2875 2 9172584
2876 2 9188592
2877 2 9192594
2878 2 9200598
2879 2 9204600
2880 2 9212604
2881 2 9216606
2882 2 9220608
2883 2 9240618
2884 2 9244620
2885 2 9256626
2886 2 9260628
2887 2 9264630
2888 2 9268632
2889 2 9272634
2890 2 9276636
2891 2 9280638
2892 2 9288642
2893 2 9296646
2894 2 9300648
2895 2 9308652
2896 2 9312654
2897 2 9316656
2898 2 9320658
2899 2 9324660
2900 2 9328662
2901 2 9332664
2902 2 9336666
2903 2 9340668
2904 2 9344670
2905 2 9348672
2906 2 9352674
2907 2 9360678
2908 2 9364680
2909 2 9368682
2910 2 9372684
2911 2 9384690
2912 2 9388692
2913 2 9392694
2914 2 9396696
2915 2 9432714
2916 2 9448722
2917 2 9452724
2918 2 9456726
2919 2 9468732
2920 2 9472734
2921 2 9476736
2922 2 9492744
2923 2 9496746
2924 2 9508752
2925 2 9512754
2926 2 9516756
2927 2 9520758
2928 2 9532764
2929 2 9536766
2930 2 9544770
2931 2 9548772
2932 2 9552774
2933 2 9556776
2934 2 9560778
2935 2 9568782
2936 2 9576786
2937 2 9580788
2938 2 9584790
2939 2 9596796
2940 2 9600798
2941 2 9604800
2942 2 9620808
2943 2 9628812
2944 2 9632814
2945 2 9640818
2946 2 9644820
2947 2 9648822
2948 2 9656826
2949 2 9660828
2950 2 9668832
2951 2 9672834
2952 2 9676836
2953 2 9680838
2954 2 9684840
2955 2 9688842
2956 2 9692844
2957 2 9696846
2958 2 9700848
2959 2 9704850
2960 2 9720858
2961 2 9724860
2962 2 9736866
2963 2 9740868
2964 2 9744870
2965 2 9748872
2966 2 9752874
2967 2 9760878
2968 2 9764880
2969 2 9768882
2970 2 9776886
2971 2 9780888
2972 2 9784890
2973 2 9788892
2974 2 9792894
2975 2 9796896
2976 2 9804900
2977 2 9808902
2978 2 9812904
2979 2 9824910
2980 2 9836916
2981 2 9840918
2982 2 9848922
2983 2 9852924
2984 2 9856926
2985 2 9860928
2986 2 9868932
2987 2 9872934
2988 2 9884940
2989 2 9888942
2990 2 9892944
2991 2 9896946
2992 2 9900948
2993 2 9908952
2994 2 9916956
2995 2 9928962
2996 2 9968982
2997 2 9976986
2998 2 9980988
2999 2 9988992
3000 2 10000998
