trait/effect level  solution
   1   1         1         21.85127023
   1   1         2         19.35579695
   1   1         3         20.32497765
   1   1         4         20.00775356
   1   1         5         18.08099387
   1   1         6         14.77530660
   1   1         7         14.87380007
   1   1         8         14.93709858
   1   1         9         12.26962506
   1   1        10         11.76487580
   1   2         1          0.00000000
   1   3         1         -0.62236949
   1   4         1         -0.13527419
   1   5         1          0.34807945
   1   6         1         -0.42171041
   1   7         1         -0.05942889
   1   7         2         -0.07671946
   1   7         3          0.13749459
   1   7         4          0.34214217
   1   7         5         -0.45225103
   1   7         6         -0.54844287
   1   7         7          0.85354367
   1   7         8          0.22077950
   1   8         1          0.06006000
   1   8         2         -0.04068660
   1   8         3         -0.02831583
   1   8         4          0.00355678
   1   8         5         -0.05853135
   1   8         6          0.07207126
   1   8         7         -0.01277556
   1   8         8          0.01305143
   1   9         1         -0.04583774
   1   9         2         -0.02340359
   1   9         3          0.07257376
   1   9         4         -0.31670067
   1   9         5          0.28207689
   1   9         6          0.19497655
   1   9         7         -0.31114140
   1   9         8         -0.01709219
   1  10         1          0.00000000
   1  10         2          0.00000000
   1  10         3          0.00000000
   1  10         4         -0.64662192
   1  10         5         -0.77755175
   1  10         6         -1.99211247
   1  10         7          3.51757904
   1  10         8         -0.10129290
   1  11         1          0.00000000
   1  11         2          0.00000000
   1  11         3          0.00000000
   1  11         4         -0.36035583
   1  11         5          0.13990218
   1  11         6          0.98441831
   1  11         7         -1.05003092
   1  11         8          0.28606627
   1  12         1          0.00000000
   1  12         2          0.00000000
   1  12         3          0.00000000
   1  12         4         -1.47104129
   1  12         5          0.96758912
   1  12         6         -0.06872898
   1  12         7         -0.40514202
   1  12         8          0.97732317
