trait/effect level  solution
   1   1         1         -0.14636248
   1   2         1          0.00000386
   1   2         2         -0.00000002
   1   2         3          0.00000384
   1   2         4         -0.00000485
   1   2         5         -0.00000450
   1   2         6          0.00000159
   1   2         7         -0.00000324
   1   2         8          0.00000062
   1   2         9         -0.00000752
   1   2        10         -0.00000768
   1   2        11          0.00000528
   1   2        12         -0.00000110
   1   2        13          0.00000509
   1   2        14          0.00000359
   1   2        15          0.00000509
